           Step size           grad'*dir           FD approx           abs error
           ---------           ---------           ---------           ---------
   1.00000000000e+00  -1.57292883473e-01  -1.50489685878e-01   6.80319759542e-03
   1.00000000000e-01  -1.57292883473e-01  -1.56591815843e-01   7.01067629915e-04
   1.00000000000e-02  -1.57292883473e-01  -1.57223788520e-01   6.90949526430e-05
   1.00000000000e-03  -1.57292883473e-01  -1.57285774164e-01   7.10930929149e-06
   1.00000000000e-04  -1.57292883473e-01  -1.57292800138e-01   8.33350446428e-08
   1.00000000000e-05  -1.57292883473e-01  -1.57298662806e-01   5.77933308410e-06
   1.00000000000e-06  -1.57292883473e-01  -1.57284571367e-01   8.31210604260e-06
   1.00000000000e-07  -1.57292883473e-01  -1.57204149698e-01   8.87337753666e-05
